% ##File Type: Far Field
% ##File Format: 8
% ##Source: hertzian_z_dip_array
% ##Date: 2024-05-21 14:29:13  
% ** File exported by Altair Feko - Solver (seq) Version 2022.3.2-28592 from 2023-06-22
% 
% 
% #Configuration Name: StandardConfiguration1
% #Request Name: FarField1_1
% #Frequency:   2.99792458E+008
% #Coordinate System: Spherical
% #No. of Theta Samples: 181
% #No. of Phi Samples: 1
% #Result Type: Directivity
% #Efficiency:   1.00000000E+000
% #No. of Header Lines: 1
% #       "Theta"             "Phi"           "Re(Etheta)"       "Im(Etheta)"        "Re(Ephi)"         "Im(Ephi)"   "Directivity(Theta)" "Directivity(Phi)" "Directivity(Total)"
Eplane = [
-1.80000000E+002    0.00000000E+000    0.00000000E+000   -4.61361573E-014    0.00000000E+000    0.00000000E+000   -3.12752622E+002   -9.99999900E+002   -3.12752622E+002
   -1.78000000E+002    0.00000000E+000    0.00000000E+000   -1.31279473E+001    0.00000000E+000    0.00000000E+000   -2.36695141E+001   -9.99999900E+002   -2.36695141E+001
   -1.76000000E+002    0.00000000E+000    0.00000000E+000   -2.61217771E+001    0.00000000E+000    0.00000000E+000   -1.76933963E+001   -9.99999900E+002   -1.76933963E+001
   -1.74000000E+002    0.00000000E+000    0.00000000E+000   -3.88494162E+001    0.00000000E+000    0.00000000E+000   -1.42457607E+001   -9.99999900E+002   -1.42457607E+001
   -1.72000000E+002    0.00000000E+000    0.00000000E+000   -5.11828371E+001    0.00000000E+000    0.00000000E+000   -1.18509635E+001   -9.99999900E+002   -1.18509635E+001
   -1.70000000E+002    0.00000000E+000    0.00000000E+000   -6.29999735E+001    0.00000000E+000    0.00000000E+000   -1.00466433E+001   -9.99999900E+002   -1.00466433E+001
   -1.68000000E+002    0.00000000E+000    0.00000000E+000   -7.41865110E+001    0.00000000E+000    0.00000000E+000   -8.62695172E+000   -9.99999900E+002   -8.62695172E+000
   -1.66000000E+002    0.00000000E+000    0.00000000E+000   -8.46375167E+001    0.00000000E+000    0.00000000E+000   -7.48219240E+000   -9.99999900E+002   -7.48219240E+000
   -1.64000000E+002    0.00000000E+000    0.00000000E+000   -9.42588761E+001    0.00000000E+000    0.00000000E+000   -6.54700551E+000   -9.99999900E+002   -6.54700551E+000
   -1.62000000E+002    0.00000000E+000    0.00000000E+000   -1.02968512E+002    0.00000000E+000    0.00000000E+000   -5.77936189E+000   -9.99999900E+002   -5.77936189E+000
   -1.60000000E+002    0.00000000E+000    0.00000000E+000   -1.10697366E+002    0.00000000E+000    0.00000000E+000   -5.15070488E+000   -9.99999900E+002   -5.15070488E+000
   -1.58000000E+002    0.00000000E+000    0.00000000E+000   -1.17390126E+002    0.00000000E+000    0.00000000E+000   -4.64081925E+000   -9.99999900E+002   -4.64081925E+000
   -1.56000000E+002    0.00000000E+000    0.00000000E+000   -1.23005697E+002    0.00000000E+000    0.00000000E+000   -4.23494610E+000   -9.99999900E+002   -4.23494610E+000
   -1.54000000E+002    0.00000000E+000    0.00000000E+000   -1.27517414E+002    0.00000000E+000    0.00000000E+000   -3.92206072E+000   -9.99999900E+002   -3.92206072E+000
   -1.52000000E+002    0.00000000E+000    0.00000000E+000   -1.30912998E+002    0.00000000E+000    0.00000000E+000   -3.69379526E+000   -9.99999900E+002   -3.69379526E+000
   -1.50000000E+002    0.00000000E+000    0.00000000E+000   -1.33194280E+002    0.00000000E+000    0.00000000E+000   -3.54373918E+000   -9.99999900E+002   -3.54373918E+000
   -1.48000000E+002    0.00000000E+000    0.00000000E+000   -1.34376689E+002    0.00000000E+000    0.00000000E+000   -3.46697195E+000   -9.99999900E+002   -3.46697195E+000
   -1.46000000E+002    0.00000000E+000    0.00000000E+000   -1.34488551E+002    0.00000000E+000    0.00000000E+000   -3.45974434E+000   -9.99999900E+002   -3.45974434E+000
   -1.44000000E+002    0.00000000E+000    0.00000000E+000   -1.33570205E+002    0.00000000E+000    0.00000000E+000   -3.51925877E+000   -9.99999900E+002   -3.51925877E+000
   -1.42000000E+002    0.00000000E+000    0.00000000E+000   -1.31672970E+002    0.00000000E+000    0.00000000E+000   -3.64351804E+000   -9.99999900E+002   -3.64351804E+000
   -1.40000000E+002    0.00000000E+000    0.00000000E+000   -1.28857993E+002    0.00000000E+000    0.00000000E+000   -3.83122338E+000   -9.99999900E+002   -3.83122338E+000
   -1.38000000E+002    0.00000000E+000    0.00000000E+000   -1.25195017E+002    0.00000000E+000    0.00000000E+000   -4.08170977E+000   -9.99999900E+002   -4.08170977E+000
   -1.36000000E+002    0.00000000E+000    0.00000000E+000   -1.20761078E+002    0.00000000E+000    0.00000000E+000   -4.39491103E+000   -9.99999900E+002   -4.39491103E+000
   -1.34000000E+002    0.00000000E+000    0.00000000E+000   -1.15639183E+002    0.00000000E+000    0.00000000E+000   -4.77135039E+000   -9.99999900E+002   -4.77135039E+000
   -1.32000000E+002    0.00000000E+000    0.00000000E+000   -1.09916981E+002    0.00000000E+000    0.00000000E+000   -5.21215483E+000   -9.99999900E+002   -5.21215483E+000
   -1.30000000E+002    0.00000000E+000    0.00000000E+000   -1.03685464E+002    0.00000000E+000    0.00000000E+000   -5.71909316E+000   -9.99999900E+002   -5.71909316E+000
   -1.28000000E+002    0.00000000E+000    0.00000000E+000   -9.70377055E+001    0.00000000E+000    0.00000000E+000   -6.29464027E+000   -9.99999900E+002   -6.29464027E+000
   -1.26000000E+002    0.00000000E+000    0.00000000E+000   -9.00676726E+001    0.00000000E+000    0.00000000E+000   -6.94207184E+000   -9.99999900E+002   -6.94207184E+000
   -1.24000000E+002    0.00000000E+000    0.00000000E+000   -8.28691116E+001    0.00000000E+000    0.00000000E+000   -7.66559699E+000   -9.99999900E+002   -7.66559699E+000
   -1.22000000E+002    0.00000000E+000    0.00000000E+000   -7.55345302E+001    0.00000000E+000    0.00000000E+000   -8.47054000E+000   -9.99999900E+002   -8.47054000E+000
   -1.20000000E+002    0.00000000E+000    0.00000000E+000   -6.81542785E+001    0.00000000E+000    0.00000000E+000   -9.36358815E+000   -9.99999900E+002   -9.36358815E+000
   -1.18000000E+002    0.00000000E+000    0.00000000E+000   -6.08157349E+001    0.00000000E+000    0.00000000E+000   -1.03531315E+001   -9.99999900E+002   -1.03531315E+001
   -1.16000000E+002    0.00000000E+000    0.00000000E+000   -5.36025992E+001    0.00000000E+000    0.00000000E+000   -1.14497337E+001   -9.99999900E+002   -1.14497337E+001
   -1.14000000E+002    0.00000000E+000    0.00000000E+000   -4.65942904E+001    0.00000000E+000    0.00000000E+000   -1.26667966E+001   -9.99999900E+002   -1.26667966E+001
   -1.12000000E+002    0.00000000E+000    0.00000000E+000   -3.98654457E+001    0.00000000E+000    0.00000000E+000   -1.40215182E+001   -9.99999900E+002   -1.40215182E+001
   -1.10000000E+002    0.00000000E+000    0.00000000E+000   -3.34855140E+001    0.00000000E+000    0.00000000E+000   -1.55363112E+001   -9.99999900E+002   -1.55363112E+001
   -1.08000000E+002    0.00000000E+000    0.00000000E+000   -2.75184357E+001    0.00000000E+000    0.00000000E+000   -1.72409758E+001   -9.99999900E+002   -1.72409758E+001
   -1.06000000E+002    0.00000000E+000    0.00000000E+000   -2.20223997E+001    0.00000000E+000    0.00000000E+000   -1.91761579E+001   -9.99999900E+002   -1.91761579E+001
   -1.04000000E+002    0.00000000E+000    0.00000000E+000   -1.70496672E+001    0.00000000E+000    0.00000000E+000   -2.13991325E+001   -9.99999900E+002   -2.13991325E+001
   -1.02000000E+002    0.00000000E+000    0.00000000E+000   -1.26464513E+001    0.00000000E+000    0.00000000E+000   -2.39940771E+001   -9.99999900E+002   -2.39940771E+001
   -1.00000000E+002    0.00000000E+000    0.00000000E+000   -8.85284160E+000    0.00000000E+000    0.00000000E+000   -2.70917968E+001   -9.99999900E+002   -2.70917968E+001
   -9.80000000E+001    0.00000000E+000    0.00000000E+000   -5.70276318E+000    0.00000000E+000    0.00000000E+000   -3.09117439E+001   -9.99999900E+002   -3.09117439E+001
