% ##File Type: Far Field
% ##File Format: 8
% ##Source: hertzian_z_dip_array
% ##Date: 2024-05-21 14:29:13  
% ** File exported by Altair Feko - Solver (seq) Version 2022.3.2-28592 from 2023-06-22
% 
% 
% #Configuration Name: StandardConfiguration1
% #Request Name: FarField1
% #Frequency:   2.99792458E+008
% #Coordinate System: Spherical
% #No. of Theta Samples: 1
% #No. of Phi Samples: 181
% #Result Type: Directivity
% #Efficiency:   1.00000000E+000
% #No. of Header Lines: 1
% #       "Theta"             "Phi"           "Re(Etheta)"       "Im(Etheta)"        "Re(Ephi)"         "Im(Ephi)"   "Directivity(Theta)" "Directivity(Phi)" "Directivity(Total)"
Hplane = [
9.00000000E+001    0.00000000E+000    0.00000000E+000   -2.27884722E-013    0.00000000E+000    0.00000000E+000   -2.98879146E+002   -9.99999900E+002   -2.98879146E+002
    9.00000000E+001    2.00000000E+000    0.00000000E+000    3.60488164E-001    0.00000000E+000   -9.62964972E-035   -5.48956304E+001   -7.26361241E+002   -5.48956304E+001
    9.00000000E+001    4.00000000E+000    0.00000000E+000    1.44151016E+000    0.00000000E+000    0.00000000E+000   -4.28570965E+001   -9.99999900E+002   -4.28570965E+001
    9.00000000E+001    6.00000000E+000    0.00000000E+000    3.24171931E+000    0.00000000E+000   -3.08148791E-033   -3.58179425E+001   -6.96258241E+002   -3.58179425E+001
    9.00000000E+001    8.00000000E+000    0.00000000E+000    5.75880750E+000    0.00000000E+000    0.00000000E+000   -3.08267994E+001   -9.99999900E+002   -3.08267994E+001
    9.00000000E+001    1.00000000E+001    0.00000000E+000    8.98941095E+000    0.00000000E+000    2.46519033E-032   -2.69588260E+001   -6.78196442E+002   -2.69588260E+001
    9.00000000E+001    1.20000000E+001    0.00000000E+000    1.29289806E+001    0.00000000E+000    2.46519033E-032   -2.38021650E+001   -6.78196442E+002   -2.38021650E+001
    9.00000000E+001    1.40000000E+001    0.00000000E+000    1.75716194E+001    0.00000000E+000    4.93038066E-032   -2.11372149E+001   -6.72175842E+002   -2.11372149E+001
    9.00000000E+001    1.60000000E+001    0.00000000E+000    2.29098899E+001    0.00000000E+000   -4.93038066E-032   -1.88329906E+001   -6.72175842E+002   -1.88329906E+001
    9.00000000E+001    1.80000000E+001    0.00000000E+000    2.89345956E+001    0.00000000E+000    9.86076132E-032   -1.68051023E+001   -6.66155242E+002   -1.68051023E+001
    9.00000000E+001    2.00000000E+001    0.00000000E+000    3.56345397E+001    0.00000000E+000    0.00000000E+000   -1.49960276E+001   -9.99999900E+002   -1.49960276E+001
    9.00000000E+001    2.20000000E+001    0.00000000E+000    4.29962683E+001    0.00000000E+000   -1.97215226E-031   -1.33648354E+001   -6.60134642E+002   -1.33648354E+001
    9.00000000E+001    2.40000000E+001    0.00000000E+000    5.10038006E+001    0.00000000E+000    0.00000000E+000   -1.18813999E+001   -9.99999900E+002   -1.18813999E+001
    9.00000000E+001    2.60000000E+001    0.00000000E+000    5.96383559E+001    0.00000000E+000    1.97215226E-031   -1.05229374E+001   -6.60134642E+002   -1.05229374E+001
    9.00000000E+001    2.80000000E+001    0.00000000E+000    6.88780800E+001    0.00000000E+000   -1.97215226E-031   -9.27183000E+000   -6.60134642E+002   -9.27183000E+000
    9.00000000E+001    3.00000000E+001    0.00000000E+000    7.86977821E+001    0.00000000E+000    0.00000000E+000   -8.11420079E+000   -9.99999900E+002   -8.11420079E+000
    9.00000000E+001    3.20000000E+001    0.00000000E+000    8.90686867E+001    0.00000000E+000   -3.94430453E-031   -7.03894967E+000   -6.54114042E+002   -7.03894967E+000
    9.00000000E+001    3.40000000E+001    0.00000000E+000    9.99582097E+001    0.00000000E+000    0.00000000E+000   -6.03708126E+000   -9.99999900E+002   -6.03708126E+000
    9.00000000E+001    3.60000000E+001    0.00000000E+000    1.11329766E+002    0.00000000E+000    0.00000000E+000   -5.10122473E+000   -9.99999900E+002   -5.10122473E+000
    9.00000000E+001    3.80000000E+001    0.00000000E+000    1.23142616E+002    0.00000000E+000    0.00000000E+000   -4.22528315E+000   -9.99999900E+002   -4.22528315E+000
    9.00000000E+001    4.00000000E+001    0.00000000E+000    1.35351760E+002    0.00000000E+000    0.00000000E+000   -3.40417249E+000   -9.99999900E+002   -3.40417249E+000
    9.00000000E+001    4.20000000E+001    0.00000000E+000    1.47907887E+002    0.00000000E+000    7.88860905E-031   -2.63362399E+000   -6.48093442E+002   -2.63362399E+000
    9.00000000E+001    4.40000000E+001    0.00000000E+000    1.60757381E+002    0.00000000E+000    0.00000000E+000   -1.91003219E+000   -9.99999900E+002   -1.91003219E+000
    9.00000000E+001    4.60000000E+001    0.00000000E+000    1.73842399E+002    0.00000000E+000   -7.88860905E-031   -1.23033649E+000   -6.48093442E+002   -1.23033649E+000
    9.00000000E+001    4.80000000E+001    0.00000000E+000    1.87101017E+002    0.00000000E+000    0.00000000E+000   -5.91927677E-001   -9.99999900E+002   -5.91927677E-001
    9.00000000E+001    5.00000000E+001    0.00000000E+000    2.00467450E+002    0.00000000E+000   -1.57772181E-030    7.42668450E-003   -6.42072842E+002    7.42668450E-003
    9.00000000E+001    5.20000000E+001    0.00000000E+000    2.13872355E+002    0.00000000E+000   -7.88860905E-031    5.69642387E-001   -6.48093442E+002    5.69642387E-001
    9.00000000E+001    5.40000000E+001    0.00000000E+000    2.27243206E+002    0.00000000E+000   -7.88860905E-031    1.09636752E+000   -6.48093442E+002    1.09636752E+000
    9.00000000E+001    5.60000000E+001    0.00000000E+000    2.40504753E+002    0.00000000E+000    0.00000000E+000    1.58902264E+000   -9.99999900E+002    1.58902264E+000
    9.00000000E+001    5.80000000E+001    0.00000000E+000    2.53579550E+002    0.00000000E+000    0.00000000E+000    2.04883390E+000   -9.99999900E+002    2.04883390E+000
    9.00000000E+001    6.00000000E+001    0.00000000E+000    2.66388559E+002    0.00000000E+000    0.00000000E+000    2.47686073E+000   -9.99999900E+002    2.47686073E+000
    9.00000000E+001    6.20000000E+001    0.00000000E+000    2.78851817E+002    0.00000000E+000    0.00000000E+000    2.87401893E+000   -9.99999900E+002    2.87401893E+000
    9.00000000E+001    6.40000000E+001    0.00000000E+000    2.90889158E+002    0.00000000E+000    7.88860905E-031    3.24110005E+000   -6.48093442E+002    3.24110005E+000
    9.00000000E+001    6.60000000E+001    0.00000000E+000    3.02420988E+002    0.00000000E+000   -7.88860905E-031    3.57878790E+000   -6.48093442E+002    3.57878790E+000
    9.00000000E+001    6.80000000E+001    0.00000000E+000    3.13369087E+002    0.00000000E+000    7.88860905E-031    3.88767241E+000   -6.48093442E+002    3.88767241E+000
    9.00000000E+001    7.00000000E+001    0.00000000E+000    3.23657447E+002    0.00000000E+000    0.00000000E+000    4.16826143E+000   -9.99999900E+002    4.16826143E+000
    9.00000000E+001    7.20000000E+001    0.00000000E+000    3.33213105E+002    0.00000000E+000    7.88860905E-031    4.42099083E+000   -6.48093442E+002    4.42099083E+000
    9.00000000E+001    7.40000000E+001    0.00000000E+000    3.41966987E+002    0.00000000E+000    7.88860905E-031    4.64623299E+000   -6.48093442E+002    4.64623299E+000
    9.00000000E+001    7.60000000E+001    0.00000000E+000    3.49854718E+002    0.00000000E+000   -7.88860905E-031    4.84430406E+000   -6.48093442E+002    4.84430406E+000
    9.00000000E+001    7.80000000E+001    0.00000000E+000    3.56817410E+002    0.00000000E+000    0.00000000E+000    5.01547008E+000   -9.99999900E+002    5.01547008E+000
    9.00000000E+001    8.00000000E+001    0.00000000E+000    3.62802388E+002    0.00000000E+000    7.88860905E-031    5.15995208E+000   -6.48093442E+002    5.15995208E+000
    9.00000000E+001    8.20000000E+001    0.00000000E+000    3.67763862E+002    0.00000000E+000    0.00000000E+000    5.27793037E+000   -9.99999900E+002    5.27793037E+000
