% 
Eplane=[
   -1.80000000E+002    9.00000000E+001    0.00000000E+000   -4.61361573E-014    0.00000000E+000    0.00000000E+000   -3.12752622E+002   -9.99999900E+002   -3.12752622E+002
   -1.78000000E+002    9.00000000E+001    0.00000000E+000   -1.31476983E+001    0.00000000E+000    0.00000000E+000   -2.36564560E+001   -9.99999900E+002   -2.36564560E+001
   -1.76000000E+002    9.00000000E+001    0.00000000E+000   -2.62793782E+001    0.00000000E+000   -1.97215226E-031   -1.76411489E+001   -6.60134642E+002   -1.76411489E+001
   -1.74000000E+002    9.00000000E+001    0.00000000E+000   -3.93790407E+001    0.00000000E+000    0.00000000E+000   -1.41281480E+001   -9.99999900E+002   -1.41281480E+001
   -1.72000000E+002    9.00000000E+001    0.00000000E+000   -5.24307260E+001    0.00000000E+000   -7.88860905E-031   -1.16417332E+001   -6.48093442E+002   -1.16417332E+001
   -1.70000000E+002    9.00000000E+001    0.00000000E+000   -6.54185324E+001    0.00000000E+000    7.88860905E-031   -9.71943471E+000   -6.48093442E+002   -9.71943471E+000
   -1.68000000E+002    9.00000000E+001    0.00000000E+000   -7.83266365E+001    0.00000000E+000    0.00000000E+000   -8.15526110E+000   -9.99999900E+002   -8.15526110E+000
   -1.66000000E+002    9.00000000E+001    0.00000000E+000   -9.11393116E+001    0.00000000E+000    0.00000000E+000   -6.83933577E+000   -9.99999900E+002   -6.83933577E+000
   -1.64000000E+002    9.00000000E+001    0.00000000E+000   -1.03840947E+002    0.00000000E+000    0.00000000E+000   -5.70607781E+000   -9.99999900E+002   -5.70607781E+000
   -1.62000000E+002    9.00000000E+001    0.00000000E+000   -1.16416069E+002    0.00000000E+000    0.00000000E+000   -4.71319203E+000   -9.99999900E+002   -4.71319203E+000
   -1.60000000E+002    9.00000000E+001    0.00000000E+000   -1.28849356E+002    0.00000000E+000    0.00000000E+000   -3.83180562E+000   -9.99999900E+002   -3.83180562E+000
   -1.58000000E+002    9.00000000E+001    0.00000000E+000   -1.41125659E+002    0.00000000E+000   -1.57772181E-030   -3.04133097E+000   -6.42072842E+002   -3.04133097E+000
   -1.56000000E+002    9.00000000E+001    0.00000000E+000   -1.53230023E+002    0.00000000E+000    1.57772181E-030   -2.32657331E+000   -6.42072842E+002   -2.32657331E+000
   -1.54000000E+002    9.00000000E+001    0.00000000E+000   -1.65147700E+002    0.00000000E+000    0.00000000E+000   -1.67600008E+000   -9.99999900E+002   -1.67600008E+000
   -1.52000000E+002    9.00000000E+001    0.00000000E+000   -1.76864169E+002    0.00000000E+000   -1.57772181E-030   -1.08065349E+000   -6.42072842E+002   -1.08065349E+000
   -1.50000000E+002    9.00000000E+001    0.00000000E+000   -1.88365157E+002    0.00000000E+000    0.00000000E+000   -5.33439223E-001   -9.99999900E+002   -5.33439223E-001
   -1.48000000E+002    9.00000000E+001    0.00000000E+000   -1.99636651E+002    0.00000000E+000    0.00000000E+000   -2.86451540E-002   -9.99999900E+002   -2.86451540E-002
   -1.46000000E+002    9.00000000E+001    0.00000000E+000   -2.10664918E+002    0.00000000E+000   -1.57772181E-030    4.38393716E-001   -6.42072842E+002    4.38393716E-001
   -1.44000000E+002    9.00000000E+001    0.00000000E+000   -2.21436522E+002    0.00000000E+000    1.57772181E-030    8.71534396E-001   -6.42072842E+002    8.71534396E-001
   -1.42000000E+002    9.00000000E+001    0.00000000E+000   -2.31938341E+002    0.00000000E+000    0.00000000E+000    1.27400026E+000   -9.99999900E+002    1.27400026E+000
   -1.40000000E+002    9.00000000E+001    0.00000000E+000   -2.42157578E+002    0.00000000E+000   -1.57772181E-030    1.64851063E+000   -6.42072842E+002    1.64851063E+000
   -1.38000000E+002    9.00000000E+001    0.00000000E+000   -2.52081783E+002    0.00000000E+000    1.57772181E-030    1.99737859E+000   -6.42072842E+002    1.99737859E+000
   -1.36000000E+002    9.00000000E+001    0.00000000E+000   -2.61698866E+002    0.00000000E+000    0.00000000E+000    2.32258615E+000   -9.99999900E+002    2.32258615E+000
   -1.34000000E+002    9.00000000E+001    0.00000000E+000   -2.70997108E+002    0.00000000E+000    1.57772181E-030    2.62584249E+000   -6.42072842E+002    2.62584249E+000
   -1.32000000E+002    9.00000000E+001    0.00000000E+000   -2.79965183E+002    0.00000000E+000    0.00000000E+000    2.90862985E+000   -9.99999900E+002    2.90862985E+000
   -1.30000000E+002    9.00000000E+001    0.00000000E+000   -2.88592163E+002    0.00000000E+000   -1.57772181E-030    3.17224002E+000   -6.42072842E+002    3.17224002E+000
   -1.28000000E+002    9.00000000E+001    0.00000000E+000   -2.96867538E+002    0.00000000E+000    0.00000000E+000    3.41780357E+000   -9.99999900E+002    3.41780357E+000
   -1.26000000E+002    9.00000000E+001    0.00000000E+000   -3.04781226E+002    0.00000000E+000    0.00000000E+000    3.64631358E+000   -9.99999900E+002    3.64631358E+000
   -1.24000000E+002    9.00000000E+001    0.00000000E+000   -3.12323585E+002    0.00000000E+000   -1.57772181E-030    3.85864496E+000   -6.42072842E+002    3.85864496E+000
   -1.22000000E+002    9.00000000E+001    0.00000000E+000   -3.19485425E+002    0.00000000E+000    0.00000000E+000    4.05557036E+000   -9.99999900E+002    4.05557036E+000
   -1.20000000E+002    9.00000000E+001    0.00000000E+000   -3.26258022E+002    0.00000000E+000    1.57772181E-030    4.23777332E+000   -6.42072842E+002    4.23777332E+000
   -1.18000000E+002    9.00000000E+001    0.00000000E+000   -3.32633123E+002    0.00000000E+000   -1.57772181E-030    4.40585923E+000   -6.42072842E+002    4.40585923E+000
   -1.16000000E+002    9.00000000E+001    0.00000000E+000   -3.38602963E+002    0.00000000E+000   -1.57772181E-030    4.56036443E+000   -6.42072842E+002    4.56036443E+000
   -1.14000000E+002    9.00000000E+001    0.00000000E+000   -3.44160267E+002    0.00000000E+000    0.00000000E+000    4.70176394E+000   -9.99999900E+002    4.70176394E+000
   -1.12000000E+002    9.00000000E+001    0.00000000E+000   -3.49298264E+002    0.00000000E+000    0.00000000E+000    4.83047790E+000   -9.99999900E+002    4.83047790E+000
   -1.10000000E+002    9.00000000E+001    0.00000000E+000   -3.54010696E+002    0.00000000E+000    0.00000000E+000    4.94687702E+000   -9.99999900E+002    4.94687702E+000
   -1.08000000E+002    9.00000000E+001    0.00000000E+000   -3.58291820E+002    0.00000000E+000    0.00000000E+000    5.05128720E+000   -9.99999900E+002    5.05128720E+000
   -1.06000000E+002    9.00000000E+001    0.00000000E+000   -3.62136420E+002    0.00000000E+000   -2.36658272E-030    5.14399343E+000   -6.38551017E+002    5.14399343E+000
   -1.04000000E+002    9.00000000E+001    0.00000000E+000   -3.65539813E+002    0.00000000E+000    0.00000000E+000    5.22524306E+000   -9.99999900E+002    5.22524306E+000
   -1.02000000E+002    9.00000000E+001    0.00000000E+000   -3.68497852E+002    0.00000000E+000    0.00000000E+000    5.29524857E+000   -9.99999900E+002    5.29524857E+000
   -1.00000000E+002    9.00000000E+001    0.00000000E+000   -3.71006933E+002    0.00000000E+000    7.88860905E-031    5.35418987E+000   -6.48093442E+002    5.35418987E+000
   -9.80000000E+001    9.00000000E+001    0.00000000E+000   -3.73064000E+002    0.00000000E+000    0.00000000E+000    5.40221620E+000   -9.99999900E+002    5.40221620E+000
   -9.60000000E+001    9.00000000E+001    0.00000000E+000   -3.74666545E+002    0.00000000E+000    0.00000000E+000    5.43944767E+000   -9.99999900E+002    5.43944767E+000
   -9.40000000E+001    9.00000000E+001    0.00000000E+000   -3.75812617E+002    0.00000000E+000    0.00000000E+000    5.46597649E+000   -9.99999900E+002    5.46597649E+000
   -9.20000000E+001    9.00000000E+001    0.00000000E+000   -3.76500820E+002    0.00000000E+000    0.00000000E+000    5.48186787E+000   -9.99999900E+002    5.48186787E+000
   -9.00000000E+001    9.00000000E+001    0.00000000E+000   -3.76730313E+002    0.00000000E+000    0.00000000E+000    5.48716069E+000   -9.99999900E+002    5.48716069E+000
