   %                   FAST METHOD FOR FAR FIELD CALCULATIONS
   % 
   %                                  disabled
   % 
   % 
   %    VALUES OF THE SCATTERED ELECTRIC FIELD STRENGTH IN THE FAR FIELD in V
   %                  Factor e^(-j*Re{BETA}*R)/R not considered
   % 
   %    LOCATION           ETHETA             EPHI              directivity in dB              POLARISATION
   % THETA    PHI      magn.    phase     magn.    phase     vert.     horiz.    total     axial r. angle   direction
Hplane=[
   -180.00   90.00   0.000E+00    0.00  2.279E-13  -90.00  -999.9999 -298.8791 -298.8791   0.0000    90.00   % LINEAR
 -178.00   90.00   0.000E+00    0.00  3.605E-01   90.00  -999.9999  -54.8956  -54.8956   0.0000   -90.00   % LINEAR
 -176.00   90.00   0.000E+00    0.00  1.442E+00   90.00  -999.9999  -42.8571  -42.8571   0.0000   -90.00   % LINEAR
 -174.00   90.00   0.000E+00    0.00  3.242E+00   90.00  -999.9999  -35.8179  -35.8179   0.0000   -90.00   % LINEAR
 -172.00   90.00   0.000E+00    0.00  5.759E+00   90.00  -999.9999  -30.8268  -30.8268   0.0000   -90.00   % LINEAR
 -170.00   90.00   0.000E+00    0.00  8.989E+00   90.00  -999.9999  -26.9588  -26.9588   0.0000   -90.00   % LINEAR
 -168.00   90.00   0.000E+00    0.00  1.293E+01   90.00  -999.9999  -23.8022  -23.8022   0.0000   -90.00   % LINEAR
 -166.00   90.00   0.000E+00    0.00  1.757E+01   90.00  -999.9999  -21.1372  -21.1372   0.0000   -90.00   % LINEAR
 -164.00   90.00   0.000E+00    0.00  2.291E+01   90.00  -999.9999  -18.8330  -18.8330   0.0000   -90.00   % LINEAR
 -162.00   90.00   0.000E+00    0.00  2.893E+01   90.00  -999.9999  -16.8051  -16.8051   0.0000   -90.00   % LINEAR
 -160.00   90.00   0.000E+00    0.00  3.563E+01   90.00  -999.9999  -14.9960  -14.9960   0.0000   -90.00   % LINEAR
 -158.00   90.00   0.000E+00    0.00  4.300E+01   90.00  -999.9999  -13.3648  -13.3648   0.0000   -90.00   % LINEAR
 -156.00   90.00   0.000E+00    0.00  5.100E+01   90.00  -999.9999  -11.8814  -11.8814   0.0000   -90.00   % LINEAR
 -154.00   90.00   0.000E+00    0.00  5.964E+01   90.00  -999.9999  -10.5229  -10.5229   0.0000   -90.00   % LINEAR
 -152.00   90.00   0.000E+00    0.00  6.888E+01   90.00  -999.9999   -9.2718   -9.2718   0.0000   -90.00   % LINEAR
 -150.00   90.00   0.000E+00    0.00  7.870E+01   90.00  -999.9999   -8.1142   -8.1142   0.0000   -90.00   % LINEAR
 -148.00   90.00   0.000E+00    0.00  8.907E+01   90.00  -999.9999   -7.0389   -7.0389   0.0000   -90.00   % LINEAR
 -146.00   90.00   0.000E+00    0.00  9.996E+01   90.00  -999.9999   -6.0371   -6.0371   0.0000   -90.00   % LINEAR
 -144.00   90.00   0.000E+00    0.00  1.113E+02   90.00  -999.9999   -5.1012   -5.1012   0.0000   -90.00   % LINEAR
 -142.00   90.00   0.000E+00    0.00  1.231E+02   90.00  -999.9999   -4.2253   -4.2253   0.0000   -90.00   % LINEAR
 -140.00   90.00   0.000E+00    0.00  1.354E+02   90.00  -999.9999   -3.4042   -3.4042   0.0000   -90.00   % LINEAR
 -138.00   90.00   0.000E+00    0.00  1.479E+02   90.00  -999.9999   -2.6336   -2.6336   0.0000   -90.00   % LINEAR
 -136.00   90.00   0.000E+00    0.00  1.608E+02   90.00  -999.9999   -1.9100   -1.9100   0.0000   -90.00   % LINEAR
 -134.00   90.00   0.000E+00    0.00  1.738E+02   90.00  -999.9999   -1.2303   -1.2303   0.0000   -90.00   % LINEAR
 -132.00   90.00   0.000E+00    0.00  1.871E+02   90.00  -999.9999   -0.5919   -0.5919   0.0000   -90.00   % LINEAR
 -130.00   90.00   0.000E+00    0.00  2.005E+02   90.00  -999.9999    0.0074    0.0074   0.0000   -90.00   % LINEAR
 -128.00   90.00   0.000E+00    0.00  2.139E+02   90.00  -999.9999    0.5696    0.5696   0.0000   -90.00   % LINEAR
 -126.00   90.00   0.000E+00    0.00  2.272E+02   90.00  -999.9999    1.0964    1.0964   0.0000   -90.00   % LINEAR
 -124.00   90.00   0.000E+00    0.00  2.405E+02   90.00  -999.9999    1.5890    1.5890   0.0000   -90.00   % LINEAR
 -122.00   90.00   0.000E+00    0.00  2.536E+02   90.00  -999.9999    2.0488    2.0488   0.0000   -90.00   % LINEAR
 -120.00   90.00   0.000E+00    0.00  2.664E+02   90.00  -999.9999    2.4769    2.4769   0.0000   -90.00   % LINEAR
 -118.00   90.00   0.000E+00    0.00  2.789E+02   90.00  -999.9999    2.8740    2.8740   0.0000   -90.00   % LINEAR
 -116.00   90.00   0.000E+00    0.00  2.909E+02   90.00  -999.9999    3.2411    3.2411   0.0000   -90.00   % LINEAR
 -114.00   90.00   0.000E+00    0.00  3.024E+02   90.00  -999.9999    3.5788    3.5788   0.0000   -90.00   % LINEAR
 -112.00   90.00   0.000E+00    0.00  3.134E+02   90.00  -999.9999    3.8877    3.8877   0.0000   -90.00   % LINEAR
 -110.00   90.00   0.000E+00    0.00  3.237E+02   90.00  -999.9999    4.1683    4.1683   0.0000   -90.00   % LINEAR
 -108.00   90.00   0.000E+00    0.00  3.332E+02   90.00  -999.9999    4.4210    4.4210   0.0000   -90.00   % LINEAR
 -106.00   90.00   0.000E+00    0.00  3.420E+02   90.00  -999.9999    4.6462    4.6462   0.0000   -90.00   % LINEAR
 -104.00   90.00   0.000E+00    0.00  3.499E+02   90.00  -999.9999    4.8443    4.8443   0.0000   -90.00   % LINEAR
 -102.00   90.00   0.000E+00    0.00  3.568E+02   90.00  -999.9999    5.0155    5.0155   0.0000   -90.00   % LINEAR
 -100.00   90.00   0.000E+00    0.00  3.628E+02   90.00  -999.9999    5.1600    5.1600   0.0000   -90.00   % LINEAR
  -98.00   90.00   0.000E+00    0.00  3.678E+02   90.00  -999.9999    5.2779    5.2779   0.0000   -90.00   % LINEAR
  -96.00   90.00   0.000E+00    0.00  3.717E+02   90.00  -999.9999    5.3695    5.3695   0.0000   -90.00   % LINEAR
  -94.00   90.00   0.000E+00    0.00  3.745E+02   90.00  -999.9999    5.4349    5.4349   0.0000   -90.00   % LINEAR
  -92.00   90.00   0.000E+00    0.00  3.762E+02   90.00  -999.9999    5.4741    5.4741   0.0000   -90.00   % LINEAR
  -90.00   90.00   0.000E+00    0.00  3.767E+02   90.00  -999.9999    5.4872    5.4872   0.0000   -90.00   % LINEAR
  -88.00   90.00   0.000E+00    0.00  3.762E+02   90.00  -999.9999    5.4741    5.4741   0.0000   -90.00   % LINEAR
  -86.00   90.00   0.000E+00    0.00  3.745E+02   90.00  -999.9999    5.4349    5.4349   0.0000   -90.00   % LINEAR
  -84.00   90.00   0.000E+00    0.00  3.717E+02   90.00  -999.9999    5.3695    5.3695   0.0000   -90.00   % LINEAR
  -82.00   90.00   0.000E+00    0.00  3.678E+02   90.00  -999.9999    5.2779    5.2779   0.0000   -90.00   % LINEAR
  -80.00   90.00   0.000E+00    0.00  3.628E+02   90.00  -999.9999    5.1600    5.1600   0.0000   -90.00   % LINEAR
  -78.00   90.00   0.000E+00    0.00  3.568E+02   90.00  -999.9999    5.0155    5.0155   0.0000   -90.00   % LINEAR
  -76.00   90.00   0.000E+00    0.00  3.499E+02   90.00  -999.9999    4.8443    4.8443   0.0000   -90.00   % LINEAR
  -74.00   90.00   0.000E+00    0.00  3.420E+02   90.00  -999.9999    4.6462    4.6462   0.0000   -90.00   % LINEAR
  -72.00   90.00   0.000E+00    0.00  3.332E+02   90.00  -999.9999    4.4210    4.4210   0.0000   -90.00   % LINEAR
  -70.00   90.00   0.000E+00    0.00  3.237E+02   90.00  -999.9999    4.1683    4.1683   0.0000   -90.00   % LINEAR
  -68.00   90.00   0.000E+00    0.00  3.134E+02   90.00  -999.9999    3.8877    3.8877   0.0000   -90.00   % LINEAR
  -66.00   90.00   0.000E+00    0.00  3.024E+02   90.00  -999.9999    3.5788    3.5788   0.0000   -90.00   % LINEAR
  -64.00   90.00   0.000E+00    0.00  2.909E+02   90.00  -999.9999    3.2411    3.2411   0.0000   -90.00   % LINEAR
  -62.00   90.00   0.000E+00    0.00  2.789E+02   90.00  -999.9999    2.8740    2.8740   0.0000   -90.00   % LINEAR
  -60.00   90.00   0.000E+00    0.00  2.664E+02   90.00  -999.9999    2.4769    2.4769   0.0000   -90.00   % LINEAR
  -58.00   90.00   0.000E+00    0.00  2.536E+02   90.00  -999.9999    2.0488    2.0488   0.0000   -90.00   % LINEAR
  -56.00   90.00   0.000E+00    0.00  2.405E+02   90.00  -999.9999    1.5890    1.5890   0.0000   -90.00   % LINEAR
  -54.00   90.00   0.000E+00    0.00  2.272E+02   90.00  -999.9999    1.0964    1.0964   0.0000   -90.00   % LINEAR
